id,name,email,created_at,updated_at,city,country,gender,age,avatar
1856,Hannah Lang,rebecca85@example.com,2025-01-25 12:51:43.719643,2025-01-08 08:18:12.824675,East Patrick,Mauritania,male,42,https://picsum.photos/726/913
